-5.53539 -3.65172
0.9492 -0.0121613
-1.94925 -0.401649
-1.07161 1.77257
-0.267048 -0.483231
-1.44837 -0.433369
-4.93481 -2.61142
-5.30602 -1.70685
-1.42512 -2.04464
0.777538 0.60112
-5.54924 -7.13601
1.23866 1.00183
-0.879185 -1.7572
-0.152441 -0.926678
3.18096 1.71387
-2.60643 -0.675837
-4.41997 -3.12167
-1.16136 -1.24371
-2.84915 -1.75259
-1.40555 -0.109577
-0.171597 -1.77227
-3.00551 -1.52493
-0.221531 -2.19613
-3.31227 -0.861654
0.339169 -1.04661
-2.45818 0.0647335
0.171413 -0.819281
-3.6931 1.0626
-2.89637 -0.261551
-3.31048 5.89453
-3.17816 -5.64108
0.462284 -1.73346
-2.41031 -1.08427
-0.947443 -1.27142
0.732521 0.445633
-1.09572 -2.11153
1.4656 1.70663
-0.635704 1.89352
-3.82547 -0.158661
-3.23762 -1.70305
-0.100094 -2.19118
1.0111 -0.589533
0.837856 -1.6814
0.215759 -1.60996
-3.81589 -0.791039
-1.04686 -1.51911
-3.13858 -0.282866
1.73501 -0.48749
0.0710545 0.656996
1.86221 0.393086
-1.76012 0.867207
-3.45433 -2.49346
-2.90699 -0.544392
0.180676 -1.82809
-1.74371 -0.985241
-0.289185 -0.856441
-3.76514 -1.00008
0.77961 1.31561
0.534725 0.220431
2.64923 -8.67864
-3.17616 -0.863255
-1.85598 0.0692444
-3.02509 -1.35345
-3.92794 1.43756
0.545343 4.85905
-0.660072 -3.15098
-2.39022 0.602526
-2.03518 -1.53291
-3.12115 -3.09788
-1.43033 0.0717201
-0.902668 -1.47465
-0.0387669 -0.608103
-2.67664 -4.84494
-1.51443 -0.525547
2.44106 1.05766
0.146843 0.561848
0.0176353 0.0771847
-1.55033 -1.70654
-3.39263 -1.22156
-0.986719 -1.62955
-3.71395 -2.49765
-0.719776 -3.18174
-1.20774 -2.90018
1.22414 0.413906
-4.08598 -8.10245
-3.72838 -4.28028
-3.4107 14.135
-3.16239 -1.68164
-1.22964 -2.31305
-4.00813 1.69719
1.74595 -1.00013
-1.15301 0.579546
1.5712 -0.166689
-0.52738 -0.235664
-2.13066 -4.27311
-2.11079 -1.91873
-1.32294 -0.552822
-1.22018 1.6708
-2.12213 -2.29026
-14.3034 -6.84121
-2.50781 -3.81731
-2.4932 -0.456223
0.304203 0.379034
-0.314674 -0.428385
-2.90272 -2.93688
0.690016 -2.92381
-0.0625877 0.471951
-1.90785 -1.42029
2.74796 0.806267
-1.71885 -1.63239
-1.29563 -0.00936699
-1.50175 -0.691982
-4.60714 -2.11387
0.670681 0.856491
-5.04224 -2.73433
-0.0868683 1.32317
0.996197 -5.96131
-0.924047 1.23636
-0.384743 -3.8277
-0.0444527 -0.281069
-3.1135 -0.975018
-0.918365 -1.81633
2.10319 -0.723507
-4.46703 -6.55427
-0.284084 -1.12286
2.3234 -2.16474
-1.89422 -2.37276
-4.31664 -1.29045
-3.38599 0.798254
-1.85687 -0.94113
-0.470894 -2.61811
-2.23273 -0.0512142
-1.09372 0.227917
0.724857 -3.28929
-1.6156 -2.33723
-1.28174 -2.00107
0.328651 0.369921
-1.83505 1.85948
-0.925753 -2.62901
-2.30731 -0.978024
0.840008 0.570086
1.52475 -1.42492
1.01077 -2.08202
-0.131517 -0.699524
-0.509277 2.26635
-0.49511 1.04063
-2.77824 -0.926544
-0.619232 -2.94081
-2.36663 -1.0953
-1.75704 0.91909
2.41106 -2.23029
1.94502 -0.385996
-1.12856 -1.30358
-1.01557 -1.72018
-2.59432 -1.54713
-0.298656 2.01789
5.95003 -2.05074
-0.47467 0.38353
1.335 -1.77086
-0.490353 0.0885849
0.982506 -3.24799
-0.886824 -0.658234
-2.251 -1.66581
-1.28608 -2.13158
-0.52552 -6.24302
-2.37782 1.22408
-2.1264 1.75019
-1.74682 -1.74413
-0.761003 1.78123
-1.04082 -0.426676
-2.79124 0.620071
-0.768238 -3.13175
-2.62369 -0.383492
-4.63631 -4.09453
-0.553973 -0.871164
-3.40053 -1.14195
-4.662 -0.890834
-4.45719 0.679361
-0.252914 -2.14678
-1.74808 -1.14837
-1.71202 -1.21985
0.838968 1.57354
-0.728088 -1.06991
-3.04506 -0.229187
2.45068 -3.12458
-1.10165 -0.798615
-1.88909 -4.37001
0.616943 1.85911
-4.08722 -1.43242
-0.0374985 -0.314806
-1.03628 -0.430975
0.215044 -3.28574
-1.89798 -3.00056
-2.5023 0.920163
-0.17732 -5.03407
-0.960461 -0.227563
-0.55201 -0.859446
0.325872 -1.95426
-3.54906 -2.6305
-4.23696 -3.87648
-1.48013 -1.9857
-0.500517 0.103138
-0.567421 1.37816
-4.94206 -3.18266
0.221085 0.102818
-1.94072 -0.386133
1.47627 -1.48269
0.78196 3.17136
-1.44705 -2.2599
1.70797 1.3046
-1.24982 -2.57659
1.6937 1.83129
-3.76798 -4.16677
-1.79844 -0.289108
-1.74862 -2.32522
0.387562 -1.98964
-0.278658 -0.508317
-2.13209 -0.464396
-0.134817 -4.43535
-2.08533 2.12288
-4.33742 -2.00197
-2.04113 0.354538
-1.41709 0.189594
1.82305 -0.414892
-3.57314 -1.03758
-3.22068 1.6133
2.05553 2.18977
-0.0649147 1.90282
-0.484076 -0.812733
-1.41308 -0.817842
-1.26984 -2.98093
-3.55974 -1.22352
0.485058 -0.146232
0.147259 1.06768
-2.28531 0.375393
2.39253 -4.57731
-4.31939 4.06599
-0.695614 -1.69991
-3.29021 -0.273994
-0.245003 -0.205789
-2.55716 -0.397131
-2.44255 -0.992765
-2.75502 1.25214
-1.10281 -1.14122
1.24006 0.236235
-1.47032 1.43062
1.03433 0.326283
-6.90767 -3.03967
3.41634 -2.40374
-5.4073 -1.14634
5.24006 2.91918
-3.60168 0.286224
2.33268 -4.30182
-0.289396 -0.30467
-1.68302 0.293518
-2.25122 -0.0612411
-2.37082 -0.122376
-3.56158 -0.368254
-2.34766 -0.725029
-2.00904 -1.03879
-4.56536 -0.0612659
-4.71241 -3.855
-0.29888 -1.66004
0.357563 -2.10046
-0.92374 -0.560062
-0.563869 -2.3483
0.311272 -2.56454
-1.59947 -0.354517
2.02865 1.00711
-2.90545 0.394016
-2.72641 -2.97322
-1.31699 -1.84514
-0.738852 -1.70514
1.55725 -14.0044
-5.06229 -2.1678
-1.68298 -14.9901
-1.66444 0.130917
-2.76047 -0.658302
-1.82264 0.378729
-0.0273209 0.209976
-2.37979 -3.17838
-3.08063 -1.1125
-2.83162 -0.933599
-0.911854 1.37281
-2.48146 -0.947393
-1.10895 -0.353899
-1.18819 -1.09358
-3.40908 -2.51888
-3.62975 -1.89596
-1.49582 -2.22192
-0.659121 -1.17958
-1.60008 -4.12573
-0.665424 -2.73757
-0.950483 -1.01679
-2.0265 -1.73507
-1.07765 -0.243134
1.30398 -0.0747833
-0.413206 0.0514812
-0.515919 -1.95168
-3.49323 -2.94314
2.01731 6.11186
-0.0597324 -1.4649
-0.653664 -1.63047
-2.70353 -1.31535
-5.53202 -2.62188
-2.99844 0.0600414
-2.32913 0.239946
-0.043644 0.0873299
-2.18106 -1.36275
-1.16936 0.618012
-0.958269 -0.745373
-4.38871 -2.17146
0.808514 0.690889
-1.87186 -0.852503
1.69872 0.910927
4.48613 1.98447
-0.64381 -0.276573
-1.94515 0.784643
-0.733248 -1.09994
-2.7157 -1.90181
4.28217 5.03725
-0.0237694 0.682862
-2.62801 -0.769678
-1.72964 -0.279316
-0.195368 0.245081
-0.653046 1.13337
5.44774 -5.16307
-3.35341 0.280718
-2.03294 2.33261
-0.449566 -1.13694
-2.18035 -2.59296
-2.04011 -0.740364
0.516705 -1.25821
-1.02111 -1.98098
-0.114 -0.164083
0.15523 -2.59941
-1.48994 1.12772
1.24484 0.273371
1.02294 -1.15908
-2.32002 -1.83808
-2.11953 0.157173
0.258032 1.46671
-2.74419 -1.31998
-1.25014 -3.78834
0.986588 0.920523
0.734522 -1.28725
-3.79345 -0.730509
-1.47034 -2.71761
1.10697 0.14609
-2.199 -2.36381
-4.14631 -1.1586
-0.291082 -3.25512
-5.77866 0.125204
1.29764 1.69141
-1.73381 -0.212906
-1.50885 -0.083889
-0.198948 0.273474
-3.0714 -0.578251
-1.80927 0.348261
3.02243 -0.765516
-1.32308 -0.935223
-2.1437 -0.0580254
-0.921883 1.50628
-1.96526 -2.31153
-3.22797 -1.13075
-2.57768 -0.641676
-2.79301 -0.245956
-0.0984306 -1.23731
-1.42707 -0.501951
-2.10387 -3.9794
-2.27721 -0.470259
-3.47223 1.71955
-0.455503 2.19279
-2.55032 -0.220095
0.451462 -1.68458
1.29388 2.51239
-1.33193 0.287211
-1.66746 1.16242
-0.96106 -1.07495
-4.2476 -0.642595
-3.12246 -1.05374
-0.640188 -1.48522
-3.10356 0.627785
0.255758 -0.0441761
-2.12361 -1.34427
-0.679016 -2.65359
3.33702 0.346886
1.07357 1.16848
-0.965446 -2.75368
-1.01178 -2.11754
1.7008 0.121323
0.490906 2.22311
-3.44839 -0.309813
2.74269 -0.235952
-1.48829 -0.879465
-1.23355 -0.671721
-0.622135 -0.542347
-1.06723 -0.402065
2.74068 -0.0210571
-1.66048 -1.62907
-4.9112 -3.85069
-2.48052 -0.55097
-0.82222 -2.50319
0.515081 -1.56811
-0.0723038 -0.999226
-2.6074 0.543039
-2.57316 -2.10514
-2.17171 -0.021246
-1.29468 0.389338
-0.601112 3.61714
0.360983 -0.267363
0.441833 1.30134
-0.0493336 -0.067255
-2.2443 -3.24261
-1.7589 -1.34171
-2.54618 -1.50103
-1.01547 -1.9667
-2.67628 -2.71875
-2.01089 -3.63414
1.63132 -1.39906
2.31654 0.410364
4.38696 -2.11171
-0.634794 0.126863
-1.21835 -1.41646
-2.13646 -0.152611
-4.09804 -2.23381
-2.01712 -0.650475
-2.24459 -0.0346298
6.6956 -1.5384
-2.54465 -1.36074
-2.42851 -1.5066
-4.30864 -1.71974
-1.35652 -0.982063
0.914055 -1.31481
-1.38902 0.862169
-1.89482 0.225786
-3.22489 -5.44903
-8.56715 -10.1254
-2.04508 -1.51443
-3.42778 2.58608
-1.16903 -0.99889
-3.72539 -2.50438
-0.446465 -0.931967
-2.49372 -2.71136
-0.619608 -0.285172
-1.19114 -1.03334
-2.56908 -1.86148
-0.184139 -0.28301
-2.98404 0.295736
-2.97996 -0.598959
-3.32009 -0.863808
0.513844 -2.77975
-2.69882 -0.33746
-0.276751 -0.544552
-6.29074 -3.09031
-0.820911 1.36049
-2.76298 -2.01871
-6.00875 -1.47021
-1.85361 0.508902
2.04575 3.63034
0.423752 0.603016
1.88341 -0.289352
-3.75662 -0.657308
0.64953 0.108665
-6.68999 -5.18491
0.0206261 1.35505
-5.2319 -3.22829
-0.131042 0.409811
-4.96726 -0.174019
-2.10906 -2.7487
-0.639626 0.647621
-6.21933 -8.63569
3.19561 2.59288
-1.83254 -1.3636
1.23566 0.623753
-0.266407 -5.29559
1.0812 -1.10434
-6.6948 -2.81474
1.9079 0.0272446
-2.12118 0.700472
-2.71703 -2.52718
-1.8184 -0.221464
-1.12091 1.03544
-2.08444 -5.28043
-2.93164 0.44112
-0.810703 0.452017
-2.82184 -1.50955
2.65412 -2.89709
-6.68883 -5.55919
-1.95042 -0.334293
-2.85356 -3.40909
2.30625 0.450315
-1.87791 -3.37657
1.85024 1.22715
-0.207714 -0.470978
-0.238241 1.4436
-3.50386 -1.5328
0.213718 -0.266123
-1.62036 0.0711784
-2.13492 -0.537828
-0.869633 -0.498125
-2.17864 -3.50774
-1.75188 -0.853605
-3.98403 -5.8674
-3.78777 0.552702
-1.07998 -0.771439
-1.20717 -0.412346
-4.32959 -2.58224
-4.55397 -2.00998
-0.551672 -1.19379
0.0722656 -2.04754
0.665895 0.831093
-0.0623398 0.215057
0.384758 -0.282663
-0.811794 1.41529
-3.07279 0.0613594
-3.57732 -0.223082
-0.97892 1.11944
-1.47354 -0.347944
-0.812195 1.95776
-1.02941 -6.85807
-3.93063 -3.15509
-6.00037 -1.48176
-0.211239 -0.758505
-2.04532 -1.22626
-4.33986 -0.579599
-1.81046 1.13122
-1.68258 -1.04524
1.13559 -1.91481
-1.54001 -1.33089
1.44895 -2.86426
0.815475 1.39711
1.56105 -0.186821
-1.63379 -3.05133
-0.217878 -1.72652
-1.86624 -0.636477
1.07338 -0.723251
1.42649 0.706009
-2.09991 -0.842897
0.811092 -0.925171
1.2574 -1.45784
-1.63316 -0.290087
-2.97537 -0.930933
-0.729244 -1.07901
0.0930557 0.329378
-3.19949 -1.95455
-1.54161 -1.22956
-2.2158 -1.4004
-2.64175 -1.45998
0.124435 -2.10796
-1.79784 -0.0377874
3.39253 -0.479898
-1.53019 1.58859
-1.03629 0.316135
-2.91228 1.16262
2.91436 -3.01835
-0.355434 1.09975
-0.946161 -1.06811
-0.452688 -0.831596
0.825657 -2.86003
-1.76167 0.646213
-1.7955 0.097702
-1.05406 -0.701735
0.651306 0.839289
-3.25682 1.3928
-1.31376 0.113186
0.497526 0.877216
2.10649 0.117193
-3.89679 -0.217846
-3.81587 -2.93585
-0.469849 -0.285652
-2.43708 -1.60054
-2.94679 -1.18659
-1.71701 -2.0069
-2.32741 0.855923
-0.18844 -0.855652
-2.21342 4.28127
-0.489414 -1.63529
-3.8571 -3.00878
-2.47155 -3.9281
-1.26066 -3.13924
-3.44505 -1.13191
0.493847 -2.62277
-1.81816 1.32334
0.282537 -0.189116
-0.82338 -2.05537
-1.97766 -3.87654
-1.74902 0.796732
-1.0247 -2.09112
0.545147 0.257484
-1.32546 -1.12966
-3.43856 -3.75681
-2.40442 -0.721527
-3.18009 -4.10989
-0.949203 -1.58552
-4.30061 -4.80101
-0.894169 0.0785446
-5.07243 -2.51358
-0.379864 -1.79462
1.24226 1.00706
-0.588287 -0.458197
-1.44422 -1.97834
-1.43874 -1.61263
-0.646709 -0.88349
-3.73802 -5.26993
-1.59083 -2.37585
-0.448147 0.0231133
-1.83928 0.877903
-3.13704 -0.320709
-2.64931 -1.036
-0.40004 -0.0395565
1.88975 -0.687701
0.0901718 -1.48899
-1.18855 0.103836
-4.61705 -0.876677
-1.61261 -2.8449
-0.694782 -2.82366
-1.37955 -2.52773
0.782421 -1.36464
-1.53862 0.236708
-1.1372 -2.7461
-4.77514 -1.94869
-1.37355 0.0330334
-0.365917 0.69319
-0.975653 -0.988659
-0.907591 -0.889866
-0.709469 0.0306501
-0.467381 0.371223
0.174343 -0.470226
-3.14219 0.61063
0.238419 5.30101
3.59195 -5.2702
1.64961 -2.81447
1.22381 -0.903166
-1.46978 1.11215
-0.79689 -0.275812
-0.689365 -2.52385
-1.62536 -3.4233
-1.76398 1.90657
-0.353298 0.538027
0.706284 -2.39947
-0.502989 -0.722786
-1.48429 -0.651974
-0.713379 0.171906
-3.12396 -2.8509
-1.5578 -2.36103
-0.181902 0.263685
-1.77284 -0.121223
1.49273 -4.06858
0.296618 -1.27153
-4.24119 -0.853924
-1.5882 -0.244764
-3.96733 -7.06693
-4.15191 0.683805
-0.737991 -0.629606
1.30417 1.8876
-2.72319 0.721884
-2.88915 -0.894476
-3.12107 0.227394
-3.56777 -2.5473
1.59938 1.59308
-1.21465 0.574553
-1.19236 -3.64623
-1.56593 -5.19536
-3.59278 -1.66815
-0.761536 -1.77065
-1.00136 -2.58961
-1.89706 0.866068
-1.77929 -1.64434
0.984112 0.180696
0.102692 0.277533
-2.88376 -0.893702
-1.87411 -6.10552
-1.04363 -1.5238
-0.532513 -1.07628
-1.70655 -3.22573
-9.42693 0.707335
-0.238607 -0.185795
-3.402 -7.30725
1.25928 -2.36019
-2.2879 -3.98254
-1.9645 -1.52746
-2.32025 -3.3008
0.142113 -1.02877
-2.22938 -0.198261
-1.66433 -1.89444
-1.43453 0.804081
-2.11665 0.830294
-0.8578 0.393557
-1.97544 0.531284
-3.51402 -0.958754
-3.43866 -0.471216
-0.512371 -0.670906
-0.936043 -0.256491
-2.61459 1.3937
1.1302 -1.84597
-4.31964 -2.34718
-0.875843 -0.378834
0.109842 -1.12698
-1.27769 0.61025
0.858601 -1.31341
-1.74144 3.01371
0.545895 1.11167
-0.152269 1.2231
-7.60948 -3.92019
-1.31712 -2.15397
0.850681 -2.54353
-0.62278 0.117535
0.360564 -1.03705
-0.592569 -2.91938
-2.99184 -1.5309
-1.16789 -0.361586
1.76815 -2.11854
-0.213032 -0.775244
-0.539133 -0.843737
-0.757511 -1.39308
-0.730242 -0.844559
-2.77818 -2.7602
-0.694347 -0.641905
-0.7034 0.164585
1.4911 2.2043
-0.561661 -0.745493
0.169418 -0.228832
-2.56172 -3.08751
-0.600895 0.0617285
0.223803 -0.67778
-2.28326 -2.04166
-2.83124 0.0658283
0.179024 -3.39911
0.615231 -0.567249
1.60813 -3.79768
-0.420534 -0.634615
-0.528263 0.978561
-2.19658 -1.49871
-8.01466 0.0856438
1.74967 0.0658913
-5.87309 -6.9905
-3.41466 -0.0935125
-1.03909 -0.775955
-2.27519 -0.638128
-2.21286 -1.68053
2.96139 0.031744
-3.23407 0.603262
-3.82406 -4.89456
0.389465 -3.56401
-3.22739 -1.76246
-2.65759 -1.25249
-2.12571 0.131212
0.972095 0.706827
-3.60057 -2.22646
0.317402 -2.13451
-1.44666 -2.04007
6.20465 -2.78616
-1.60068 -1.84281
-1.83123 -0.83786
-1.12946 -1.23546
-1.92472 -0.500364
0.784128 -1.24764
-4.11527 -2.07875
0.704807 3.45449
-1.81254 -2.05558
-3.40164 -2.31189
-0.847301 -1.06677
-0.920818 -0.66408
-1.86956 -1.85898
-2.97211 -2.06787
-0.516903 -1.7443
-1.04181 -1.42732
-1.10026 -1.37733
-0.478622 3.42929
-0.660721 -0.645996
0.147907 -0.687902
-2.81105 -0.17931
-1.21054 -0.406137
-2.37375 -3.13101
-0.0639763 -0.509357
-0.349518 0.458914
-1.72689 -0.849667
-3.421 -0.326614
2.10783 -1.06783
-2.95818 -0.491274
1.37214 -3.05085
0.472805 -1.99893
0.417122 -0.551159
1.35403 0.154869
0.891224 0.941492
-4.18911 -0.103773
-1.16459 -1.91215
-2.00276 -2.31264
0.701572 1.53283
-3.67945 0.155989
-0.694368 -2.68107
-2.5037 0.425952
-5.00687 -0.915033
-0.468086 -0.79384
-1.91409 -2.56337
-0.579617 0.560269
-7.26504 -1.55207
1.11778 -3.49376
-1.0675 -0.459465
-2.10319 -1.67849
0.978601 -0.380611
-0.123112 -12.964
-1.00658 0.553685
0.551491 -0.814228
-0.432999 0.62211
-0.68808 0.101336
-1.48955 1.71552
-0.591324 -0.199156
-4.58866 -1.40497
-0.853586 -2.67669
0.457504 1.07722
-1.29773 -0.792261
-2.05521 -0.846289
-0.575636 -0.952499
-1.24689 0.810667
-1.78061 -0.0100784
-5.18677 -3.57355
-1.45689 -1.25081
-3.48008 1.98195
-5.74344 -1.36303
-3.44758 -3.53605
-0.752316 -1.58314
-4.78797 -2.08377
-3.4389 -2.57302
-2.60767 -2.44833
-2.30013 1.2956
-2.01873 -4.51633
-0.824722 -1.88481
0.239365 3.01096
-1.53354 -3.02678
-1.35054 -2.19757
-2.55898 -1.57714
-1.30072 0.74184
-0.980305 -1.40473
-0.953705 -0.805152
-6.18537 -2.88495
-0.823191 -3.20589
-0.519388 -2.00046
-0.646748 -1.33473
0.0873222 -2.12774
-1.36411 -1.92969
-0.635065 1.61265
3.32501 2.66381
-0.778133 -1.35489
0.625103 -0.067894
-6.52197 -4.62694
0.487865 -1.63414
0.191216 -0.731279
-4.13746 -2.29599
-2.44133 0.528629
-1.52145 -1.31337
-2.20166 -1.12164
0.566969 -1.10216
-1.15822 0.536789
-1.46621 -2.10387
-3.13925 -1.3607
0.191755 2.46349
-0.104677 0.0045929
-3.13937 -0.0415268
-2.44726 -0.0410252
1.10316 -2.40088
-0.23851 -3.50177
-2.3465 -0.0381908
-2.07726 -13.2104
-2.10637 -0.296524
-1.84984 1.25526
0.810127 0.186386
0.742012 -0.476173
-1.92899 -0.268564
-1.95443 0.36571
0.026289 -1.85167
-0.891617 0.180759
-0.771166 0.429722
-1.38193 -0.0708618
-1.20399 -1.65414
0.635654 -2.92517
-1.56479 -0.290672
0.384003 -0.50024
0.061882 -1.21205
-0.469328 0.156849
0.585693 2.13746
-1.82766 -0.699855
-0.127205 -0.681507
-2.80149 -0.93532
-1.56001 0.904427
1.21886 -1.82193
-2.24988 -1.70639
1.76143 0.702538
-3.81039 -1.86933
-0.080595 -2.03137
-2.08125 -2.86142
-3.10648 -0.891033
-1.20337 -1.46083
-1.15182 -0.377876
-4.93514 -11.765
-1.10271 -0.584023
-0.415043 -2.28199
-2.8596 -4.37205
-3.09641 -1.04713
-4.13053 -0.801048
-2.71376 -0.148394
-4.00717 -0.586018
-4.35298 -4.60703
-1.2283 -0.269302
-6.61553 -2.2054
-4.87661 -0.222925
-3.39821 -1.59369
-0.453836 0.0976658
-3.25266 1.15222
-1.22641 -1.7224
-3.6454 -5.55108
-1.66184 -0.670021
-2.74698 -1.20592
-3.4607 -2.33904
-5.11215 -2.11297
1.03429 0.428757
2.97463 -1.10036
1.76511 -0.704292
-2.31285 0.436226
-3.92693 -1.19088
-1.35303 -0.405609
-2.06987 -1.86537
-2.82721 -1.41738
-1.36573 0.0563297
0.106575 -3.68113
-3.14894 -4.19216
-0.190929 0.792337
-0.72048 -0.799982
-2.83164 -0.704214
-0.666359 -0.405487
0.84897 -2.38751
0.913084 3.04697
-2.90117 -0.780479
2.95402 0.253283
1.70184 -0.428022
-2.40642 0.139814
-0.838261 -1.5151
-2.11227 -2.39914
-2.09766 -1.98169
-4.71074 -1.98382
-3.05197 -1.54796
-2.4172 2.74126
-0.904781 -0.611994
-0.244068 0.0524731
2.78416 -0.506817
-1.83177 -0.708569
-2.75549 -17.8283
-1.47833 -1.53058
-0.987705 -0.375013
-0.649071 -3.39292
-1.72907 1.04695
-2.33026 -0.400742
-4.25879 -1.9959
-2.05147 -0.449085
-0.661301 4.02806
-0.928953 -0.24955
-1.24668 0.766788
0.300838 -1.84721
-1.80417 -2.20346
-0.508783 -0.600982
-1.45875 -1.32374
7.21055 2.35798
-2.50174 -0.993916
-2.4697 -0.571833
-0.234507 -0.836611
-2.31543 -2.1441
-0.160824 -0.638584
2.5465 -2.84879
-0.551777 1.0149
-1.45195 -3.04699
-2.64783 0.370853
-3.42051 -0.464981
-1.20934 0.199856
1.18055 -1.52186
-1.36551 0.0161839
-1.98877 -1.57569
-0.120502 1.67979
-0.131485 -0.682341
-0.180645 -0.197336
1.53071 0.366747
-1.17993 -0.609249
0.144167 -0.531283
0.180372 -0.285151
1.27406 -0.271112
-1.56919 -2.76154
-3.7834 -2.03131
0.29287 0.614025
-2.39983 -0.804737
-0.850628 -2.51065
-2.23322 -1.00768
-0.875246 0.502184
-1.94977 -1.05388
1.53759 -0.111973
-0.860664 -1.73805
-0.86968 -0.761957
-1.29721 -2.34906
8.07962 -12.3775
-2.91102 0.801229
4.00292 -1.00416
0.714607 2.39028
-1.2002 -0.722092
-0.526163 -0.0335636
-1.20866 0.160601
0.796053 -0.256972
-3.0867 -2.2492
0.645836 -1.04852
-0.626785 -0.4254
1.81498 0.577507
-1.07296 -1.29576
-2.77588 -0.893885
-3.14179 -1.3487
-2.59613 -4.08726
2.30901 0.0173302
-3.3094 -4.46579
0.526686 -2.52745
-0.982473 -3.8914
-3.08189 -2.164
-0.401609 -2.30099
1.66844 4.66226
1.06454 0.467453
-4.41454 -4.84173
-3.05822 0.768511
-3.11395 3.71315
-0.287565 0.535688
-2.04367 -0.156111
-1.24942 0.692953
-2.45509 -2.5504
-1.22317 0.70105
-4.17439 -1.41762
1.51281 -1.77134
-5.11187 -5.47344
-1.38171 0.863817
2.68096 -8.5382
-2.28794 -1.49264
-0.760326 -1.43587
-1.7015 -1.64074
-3.13545 -1.09361
0.888447 -1.84896
-0.120117 0.192789
-0.246914 0.342775
-2.5916 -1.35667
-2.28701 -1.6791
0.375652 -0.565586
-3.33871 -1.57058
-1.42016 1.7093
-1.33286 0.90247
-4.15508 1.13246
0.249126 -1.02788
-1.0637 0.141886
-0.714899 -0.682365
-2.30998 -1.95786
-3.03641 -0.441023
-2.32921 -2.66947
-1.4265 -2.42789
-0.766083 9.62369
0.0497322 0.876432
-2.85207 -0.815264
0.10854 -3.99595
-1.65338 -2.0234
-2.74318 -0.0828342
-3.12171 -0.534903
-2.3015 -1.84627
-0.707134 0.168594
-0.0654964 0.523615
-2.19596 -1.63741
-1.18466 -0.633127
0.101856 2.74817
4.602 0.237091
-0.593075 -1.12207
-1.83575 -0.372511
0.208242 -0.0548563
-2.29913 -2.02541
0.232906 -0.970554
-2.84815 0.0530128
-1.05832 -1.64674
-4.12194 -1.32596
-2.56849 -2.16958
1.60571 -2.902
1.60538 -3.4536
0.151741 -0.844543
-2.28289 -0.810917
-4.14709 -1.20776
-1.5463 1.1232
-2.45942 2.81916
-1.17557 -2.86483
7.10581 2.27406
-2.2754 -1.07268
-0.232866 0.12751
-0.497322 3.70864
-1.8298 -0.396875
-2.65033 -0.792696
-1.51516 1.49171
-2.30325 0.897844
-1.99492 -3.56239
-2.03627 0.424364
-0.965488 -0.189898
-5.41185 -2.0584
-1.37898 -2.04564
-0.348425 -1.02187
-0.478476 1.16819
-2.92673 -1.28459
1.01514 1.43804
-4.25373 -0.455414
-3.0116 -1.88751
-1.04908 -1.80809
-0.494873 -0.742886
-0.538242 -1.31042
1.88566 -0.352631
4.67842 0.35813
1.3656 -1.8388
-0.559969 -0.846312
-2.12052 -1.80527
-0.468365 -0.242409
1.87177 -1.96783
-2.05933 -0.188419
-1.2816 -1.55865
-3.77472 -2.79502
0.0896301 -2.54881
-0.145151 -1.59112
-5.60389 -6.95638
-0.722103 -0.359476
-1.54869 0.807171
-2.44877 -0.31469
-3.57047 -1.11222
-2.41315 1.26237
-2.3568 1.81158
-2.88984 -2.00001
-0.486547 0.820677
-1.63657 -1.05944
0.259041 1.0799
-3.62291 -2.05223
2.2008 -1.22962
0.0741539 -1.78879
-1.56197 -1.46159
0.270229 -0.0960808
-0.397339 -0.703259
0.19101 -3.0566
-0.577984 -0.557312
-2.07835 2.07228
-0.359711 1.92926
-7.21295 -2.31438
-1.90243 -0.475296
-1.6368 -2.20877
-1.83791 -0.0963068
-1.7869 -0.669529
-3.93228 -2.08812
-1.46536 -0.590242
-1.34925 -0.918507
-0.704952 -2.62703
-2.68322 -0.655626
-0.00384331 0.627793
-0.604721 1.28478
-4.9708 -3.60352
-3.63195 -2.82577
-2.00577 -0.836393
-1.55812 -1.94405
-2.4879 0.329882
-1.5015 -0.42621
0.0363197 -0.589891
-0.671267 -3.73443
-1.00811 -2.32311
-1.91763 -0.993269
0.187752 -1.44161
-4.31376 -2.50107
-1.44635 -1.24535
-0.242657 -1.89097
0.928837 2.17863
-0.734888 -1.76984
0.455746 -0.835497
-0.0500641 -1.68825
1.05622 -0.403248
-2.2047 -3.65545
-0.583622 0.547173
-0.470213 0.248411
3.29191 0.447077
-1.79749 -2.98397
-5.21673 -3.29969
-2.43673 -2.67323
-4.0632 -0.991119
-0.695805 -11.546
-0.213493 -0.125458
0.419243 -2.8606
0.0818424 -2.6567
-4.97565 -3.24927
1.56173 -0.376463
3.11377 0.17959
-0.388912 -0.0725422
-0.332966 -2.60887
-2.49161 -1.67666
-2.75916 -1.64116
-0.973454 -0.545231
-0.178411 -0.490686
-8.41328 -5.48131
-2.26167 0.0854073
-1.23715 0.00519371
1.63487 3.37514
2.09673 3.75702
-3.00546 -1.52683
-0.900089 -2.11418
0.504421 -0.350674
-3.50107 0.667366
-1.06967 -0.678801
2.05217 0.634145
-2.31962 -2.16488
-2.37617 -0.84614
-2.81912 -1.75654
0.322832 -1.65987
-0.585651 -3.03053
-0.713608 -2.81038
-0.327503 -0.811722
-1.63377 -3.26834
-1.89113 2.60798
-0.782185 0.381403
-0.154036 -0.466666
-2.246 0.616526
-1.89798 0.174154
-2.0211 -2.25999
-2.28744 0.33024
0.278313 -16.0352
-0.48595 -0.855854
-1.5607 -2.03847
-1.58625 0.29052
-3.83598 0.935514
1.5681 2.84145
-1.73368 1.75291
-2.67028 -1.44648
-0.461092 -1.83801
-4.06903 -1.05377
0.876026 -0.1278
-0.369949 -1.40062
-0.822895 -1.69192
-0.705597 -0.635904
-3.38968 -0.372309
-3.79347 -3.57262
-3.83375 -0.792706
-1.29735 2.39091
-0.193836 -2.59342
-2.24418 0.177488
-3.92352 2.43846
-5.97047 -0.336803
-0.676777 0.144318
-1.32541 -0.308891
-3.92432 -0.956171
0.447411 -1.39711
-5.6372 -1.9271
-2.96124 -3.46807
0.000232697 -1.17952
-1.97826 -0.247656
-1.51981 -0.677864
-1.44438 0.745657
-2.50672 -2.06369
-5.3039 -5.58086
-0.991777 -1.81359
-0.12676 -0.502382
0.615234 1.53501
-0.70886 -3.6245
-6.10416 -2.81496
1.03863 -2.19645
-3.21296 -1.94557
3.17361 2.63107
-4.96411 -3.54716
1.70344 -3.69913
2.7087 -1.33487
-4.73289 -1.31675
-0.0553493 -1.11226
-3.79087 -3.18045
-1.80986 -1.69743
-3.32244 -1.56359
-4.58773 2.63534
2.46122 -0.208225
-2.06836 -5.98285
1.46084 1.12992
-13.5803 -2.82932
-2.70278 -2.80941
-1.69214 -2.08272
1.83717 0.0824013
-0.552692 -0.128832
0.675705 -3.29311
-1.75654 0.483513
0.365299 -0.0151796
1.27511 -2.56534
-1.60922 -0.796473
-1.29288 1.90964
-4.01931 0.562452
-2.88562 -1.31368
-1.81223 -0.671021
-2.6775 -2.19154
1.69723 -0.390963
-2.5788 -3.88944
1.52725 1.06084
-0.327423 -1.98892
-1.02534 -1.50874
-4.57851 -1.93279
-0.692581 -1.34109
-1.75465 -0.5833
-0.0787964 -2.17241
-0.939003 -1.12269
-0.810501 -0.691276
-0.237827 -11.4251
0.329079 0.53941
-2.40474 -2.2104
-2.30767 -0.377036
1.04148 0.790783
-1.32956 -1.18703
-1.16321 -0.541792
-0.105957 -0.632683
2.74909 5.09622
-1.72257 1.96231
-3.49399 -3.79597
2.61486 -2.49149
-3.32604 -3.05656
1.00429 0.385845
-1.6723 -0.822847
-0.409077 0.197338
-1.87328 -2.45018
0.350252 -0.942978
-3.36084 -3.29792
-0.442503 -1.78997
-0.85363 -1.62991
-1.79123 -0.868298
-4.03452 -7.29829
-0.231453 -0.325192
-0.718832 -2.28807
1.32696 -1.50336
0.952421 -1.41139
-2.1554 -0.426863
0.756804 0.96394
-2.42207 -0.773325
-1.92305 -1.08417
-2.60392 -0.575441
1.29774 -0.23353
-0.186974 -0.0118771
0.00589561 -0.528746
0.325657 -4.1777
-1.48265 -0.135452
-1.52066 -5.4256
-0.805622 -0.968613
-2.44905 -0.834805
1.59236 1.11901
-1.31655 -0.748371
-0.124252 -2.55042
0.488451 -0.791183
-3.46059 -1.49309
0.318235 -1.08059
-0.335239 -1.34102
-4.57929 -0.591314
0.365274 -1.24109
-1.56644 0.438162
-2.90995 0.494127
-4.34222 -0.0691624
-2.79958 -1.64501
0.00923538 1.68781
-2.44039 -3.53464
-1.0892 -2.92565
-1.71068 -2.44441
0.299429 -1.41101
-1.97336 1.14499
-2.07254 -2.83781
-1.55137 -2.37146
-2.8831 -2.01384
-0.357824 -1.48484
-1.79415 -0.0745373
-3.49037 -0.814499
-1.71924 3.17279
-2.35043 0.963711
-2.45347 -0.704048
2.97826 0.664192
-3.44823 -0.871269
-0.484428 -2.09174
-3.88267 -1.1541
-1.67764 -0.600592
-0.706987 -1.89326
-0.580332 -2.27439
-1.37498 -0.302101
-3.2437 -4.13406
-2.3309 -2.29316
-2.45459 -3.13761
-4.03249 -1.76937
-1.27389 0.478222
-0.847485 -3.40165
-5.35232 -0.00985718
-5.25947 -2.19741
0.569603 -3.05683
-1.38866 0.485205
-2.51956 -1.56329
-2.98983 -9.64837
-1.50763 -0.416254
-1.86544 -4.63227
-5.06128 -1.91894
0.396889 2.42618
0.317657 0.750948
-5.56819 3.36172
-2.77216 -0.399689
-6.21638 -3.78752
0.957054 -0.231079
-0.561979 -1.69841
-1.76982 2.62482
-1.49226 1.37715
-1.54556 -0.0410881
3.25306 2.86191
-0.856169 1.0023
0.814301 -3.00353
2.34634 -0.0501289
0.844551 0.28443
-0.765453 -1.40633
0.727247 -1.17812
-1.03498 0.724127
-4.03188 2.21819
-3.10842 -1.40118
-3.12762 -8.40644
-0.311874 0.417456
-4.28097 -0.659739
-3.83518 -2.06379
-1.9079 2.18722
0.777292 -1.06187
4.7655 1.7781
-1.57614 -2.67186
-2.48058 -1.61778
-1.78512 -0.640896
-0.579464 -3.08411
-0.508099 -5.18819
-1.49353 -1.74577
-1.21371 1.59343
-1.72893 -5.21202
-1.62638 -1.2208
1.08163 -0.491909
0.822546 -0.572454
1.19006 5.78763
-0.723534 1.21912
-1.33895 -2.97587
2.90541 0.506355
-0.488508 0.711176
-0.140839 -0.436274
-2.23626 -1.18991
-3.01983 -2.03428
0.865454 0.281351
-0.906879 -3.54474
-1.51972 0.629428
-4.16656 0.0671883
-1.58958 2.17201
-2.16991 4.78062
-3.45177 0.281494
1.46954 1.85377
-0.719948 0.261456
-0.70215 -1.55671
-2.99776 -0.896727
-1.68406 0.0696411
0.235567 1.96698
0.567913 -0.430889
2.21663 -6.0299
0.745068 -1.2539
1.19231 0.340733
-4.74612 -2.12996
-2.09401 -2.12953
-3.48574 -0.147289
-2.32933 0.238424
-0.347221 0.280777
-0.250916 0.359587
0.842659 1.54286
-1.29998 0.179001
-1.94531 -4.80136
-0.384701 1.03912
-2.56181 -11.4559
0.0737953 -0.794741
-0.908978 1.18571
-1.24663 -1.59121
0.305494 -0.278601
1.45593 4.16495
-1.68482 1.0326
-4.66724 -2.79202
-2.35332 0.574556
0.055069 0.085598
-0.438646 -1.10726
-3.17679 -1.33698
3.34022 -0.462582
0.867384 3.70458
-2.11282 -3.27994
-3.23328 -6.06438
-4.75608 0.632019
-0.217716 0.609537
-1.75068 -2.71183
-1.93233 -0.397718
-1.39915 0.205853
-1.71438 -3.17119
-0.643475 1.06519
-2.1341 -1.50339
4.7836 2.99429
3.69124 -0.885216
-1.38939 -1.98248
-1.51808 -1.37248
-6.901 -7.41282
-4.29463 -1.28473
-1.23977 1.74274
0.676559 -2.96175
-1.75469 1.35652
-1.20296 -0.877728
4.55238 -1.45998
-1.78722 0.39782
-2.65331 -1.42092
